8 427
10 366
7 364
11 360
13 358
25 358
16 356
24 356
19 354
9 354
18 349
15 348
12 340
2 332
14 330
21 328
3 326
6 320
20 311
23 306
5 306
22 300
4 284
17 281
26 280
28 256
27 254
31 253
30 245
33 241
32 230
29 218
36 218
34 216
37 208
1 194
35 190
38 188
0 162
39 139
40 138
42 117
41 114
45 106
47 106
44 105
43 96
52 96
46 92
48 92
49 91
57 88
60 82
54 81
61 81
53 78
59 76
51 75
65 74
50 72
63 68
55 62
56 56
64 56
66 54
58 53
62 53
70 52
68 48
67 46
69 46
75 40
72 36
71 30
76 28
79 28
77 27
82 26
73 22
80 22
78 20
85 20
86 20
74 19
83 18
90 18
92 14
94 14
96 14
84 12
93 12
87 11
89 11
81 10
91 10
99 10
113 8
88 8
95 8
97 6
100 4
102 4
103 4
104 4
105 4
106 4
108 4
111 4
115 4
117 4
119 4
120 4
101 2
107 2
109 2
110 2
112 2
114 2
116 2
118 2
121 2
122 2
123 2
124 2
125 2
126 2
98 2
127 1
madeupword0000 0
madeupword0001 0
madeupword0002 0
madeupword0003 0
